13 0.50546875 0.12265625 0.10703125 0.07109375
13 0.18515625 0.134375 0.09609375 0.07578125
13 0.34296875 0.2125 0.08828125 0.05390625
13 0.67734375 0.2140625 0.1046875 0.07890625
13 0.053125 0.2359375 0.08984375 0.06640625
13 0.85390625 0.3140625 0.10859375 0.078125
13 0.51015625 0.3171875 0.09609375 0.071875
13 0.20703125 0.32109375 0.08828125 0.06796875
13 0.0765625 0.41015625 0.08984375 0.06015625
13 0.671875 0.4109375 0.1046875 0.07265625
13 0.225 0.49296875 0.08515625 0.06171875
13 0.51796875 0.4953125 0.08203125 0.0671875
13 0.84140625 0.50625 0.10546875 0.0703125
13 0.09921875 0.5671875 0.084375 0.05546875
13 0.66875 0.58828125 0.1 0.06796875
13 0.23828125 0.6484375 0.078125 0.059375
13 0.8296875 0.68046875 0.1 0.06796875