0 0.7953125 0.33203125 0.05078125 0.05078125
0 0.88046875 0.33828125 0.0515625 0.05625
3 0.79296875 0.37109375 0.0515625 0.028125
3 0.88046875 0.378125 0.05 0.025
3 0.140625 0.41796875 0.05390625 0.03125
0 0.24609375 0.43125 0.059375 0.03984375
0 0.47890625 0.45234375 0.06875 0.05234375
3 0.48203125 0.4875 0.06015625 0.02734375
0 0.3984375 0.58671875 0.07109375 0.05078125
0 0.26328125 0.59453125 0.05546875 0.05234375
3 0.390625 0.62109375 0.05234375 0.02578125
0 0.6515625 0.65390625 0.07109375 0.05234375