0 0.2125 0.30234375 0.096875 0.10859375
0 0.378125 0.30390625 0.10078125 0.1046875
0 0.5453125 0.30390625 0.096875 0.10859375
0 0.7125 0.309375 0.1 0.11171875
0 0.2921875 0.43359375 0.1 0.11015625
0 0.4609375 0.4359375 0.10234375 0.10859375
0 0.6296875 0.4375 0.1 0.11171875
0 0.7953125 0.43984375 0.09765625 0.10703125
0 0.20859375 0.5625 0.096875 0.10859375
0 0.37890625 0.56640625 0.09296875 0.11328125
0 0.54609375 0.56640625 0.10078125 0.11640625
0 0.7140625 0.56953125 0.1 0.10859375
0 0.47734375 0.7328125 0.02265625 0.03203125
0 0.25859375 0.76796875 0.02421875 0.03359375
0 0.10390625 0.77109375 0.021875 0.03515625
0 0.63515625 0.79140625 0.0265625 0.03671875
0 0.84296875 0.81640625 0.028125 0.03671875