9 0.59765625 0.290625 0.053125 0.06640625
9 0.49921875 0.42421875 0.03046875 0.034375
9 0.56484375 0.4609375 0.04140625 0.0171875
9 0.6265625 0.465625 0.04296875 0.01875
9 0.55078125 0.609375 0.03984375 0.02109375
9 0.6125 0.6203125 0.04375 0.02421875
9 0.60703125 0.77109375 0.03359375 0.0171875
9 0.53046875 0.80234375 0.02421875 0.03046875
9 0.584375 0.81875 0.0265625 0.0296875
9 0.47734375 0.84140625 0.02421875 0.03203125
9 0.53359375 0.85234375 0.02421875 0.03203125
9 0.58828125 0.865625 0.02421875 0.02421875