6 0.1859375 0.1078125 0.02890625 0.02890625
6 0.70390625 0.15703125 0.02578125 0.0265625
6 0.8671875 0.15703125 0.0265625 0.028125
6 0.10859375 0.17109375 0.0296875 0.028125
6 0.259375 0.1734375 0.0265625 0.02890625
6 0.11171875 0.28828125 0.0265625 0.02578125
6 0.253125 0.28828125 0.028125 0.025
6 0.746875 0.55546875 0.0296875 0.034375
6 0.34765625 0.68046875 0.05078125 0.0484375
6 0.0828125 0.68203125 0.03828125 0.04140625
6 0.78359375 0.0859375 0.028125 0.0296875
6 0.34375 0.88046875 0.03515625 0.03671875
6 0.1 0.8828125 0.03671875 0.0359375