9 0.86640625 0.1765625 0.021875 0.028125
3 0.29453125 0.17734375 0.08671875 0.05625
3 0.39296875 0.17734375 0.04609375 0.03984375
3 0.4625 0.18046875 0.06015625 0.03984375
3 0.53125 0.18125 0.04375 0.03515625
9 0.89609375 0.34921875 0.03046875 0.03203125
3 0.51171875 0.428125 0.03203125 0.02890625
3 0.4328125 0.43203125 0.05703125 0.03359375
3 0.2875 0.43671875 0.05859375 0.03984375
3 0.36171875 0.43671875 0.06015625 0.03125
9 0.84765625 0.521875 0.03046875 0.03515625
3 0.50625 0.64921875 0.04765625 0.03515625
3 0.45625 0.6546875 0.03359375 0.03671875
3 0.309375 0.6609375 0.05859375 0.04296875
3 0.375 0.66328125 0.05625 0.03671875
3 0.50078125 0.85625 0.046875 0.03125
3 0.29453125 0.87734375 0.05078125 0.03359375
3 0.428125 0.87890625 0.04609375 0.028125
3 0.359375 0.884375 0.05625 0.04140625