10 0.49921875 0.13828125 0.0765625 0.03828125
10 0.8140625 0.13828125 0.078125 0.03359375
10 0.19375 0.140625 0.07265625 0.03671875
10 0.41171875 0.21875 0.04453125 0.02890625
10 0.70546875 0.221875 0.075 0.034375
10 0.096875 0.22421875 0.0734375 0.0390625
10 0.325 0.3296875 0.03203125 0.02265625
10 0.734375 0.35625 0.03125 0.01953125
10 0.71171875 0.05078125 0.078125 0.03828125
10 0.39453125 0.053125 0.075 0.03828125
10 0.090625 0.05546875 0.0734375 0.0328125
10 0.5765625 0.5875 0.15078125 0.07421875