9 0.94921875 0.14765625 0.02890625 0.0359375
9 0.5515625 0.15546875 0.05390625 0.07578125
9 0.67421875 0.16015625 0.03828125 0.05546875
9 0.75703125 0.16015625 0.05703125 0.07421875
7 0.7796875 0.26171875 0.03671875 0.0546875
9 0.971875 0.2671875 0.03203125 0.046875
9 0.86640625 0.2734375 0.125 0.05625
9 0.98984375 0.33828125 0.01875 0.04296875
9 0.825 0.034375 0.040625 0.05390625
9 0.92109375 0.390625 0.03828125 0.05546875
9 0.98984375 0.43046875 0.01875 0.04140625
9 0.925 0.48046875 0.03515625 0.0453125
9 0.75 0.05234375 0.03828125 0.0546875
9 0.928125 0.56640625 0.0359375 0.04296875
9 0.54140625 0.06484375 0.059375 0.0703125
9 0.93203125 0.64921875 0.034375 0.04296875
9 0.75703125 0.67578125 0.05078125 0.05625
9 0.66328125 0.071875 0.05703125 0.0796875
9 0.93515625 0.725 0.03515625 0.04296875
9 0.7671875 0.73984375 0.04921875 0.06484375
9 0.93984375 0.7984375 0.03515625 0.03984375
9 0.76640625 0.80625 0.05 0.065625
9 0.93828125 0.86953125 0.03515625 0.03984375
9 0.7765625 0.86953125 0.04609375 0.06015625