5 0.965625 0.10859375 0.06796875 0.075
5 0.8171875 0.1265625 0.11796875 0.07421875
5 0.06328125 0.12890625 0.1234375 0.09375
5 0.23203125 0.13359375 0.11015625 0.06796875
5 0.65859375 0.14453125 0.11171875 0.0703125
5 0.51171875 0.15625 0.0953125 0.05859375
5 0.38203125 0.15703125 0.1 0.06796875
5 0.3875 0.01953125 0.09375 0.0390625
5 0.50859375 0.01953125 0.103125 0.0390625
5 0.96171875 0.27890625 0.07421875 0.0734375
5 0.0671875 0.28671875 0.12109375 0.0703125
5 0.82890625 0.28828125 0.09609375 0.071875
5 0.63828125 0.296875 0.06875 0.06328125
5 0.36484375 0.303125 0.06875 0.065625
5 0.9640625 0.44453125 0.06953125 0.07421875
5 0.9578125 0.92109375 0.08046875 0.07421875