10 0.6640625 0.19765625 0.01796875 0.02734375
10 0.5125 0.2546875 0.0203125 0.02734375
10 0.35703125 0.25703125 0.01875 0.03125
4 0.69453125 0.25859375 0.06640625 0.05546875
10 0.796875 0.26015625 0.01875 0.02578125
10 0.103125 0.2671875 0.02109375 0.03125
10 0.20703125 0.29140625 0.01875 0.02578125
4 0.5390625 0.30546875 0.07421875 0.0609375
4 0.3875 0.31015625 0.06796875 0.0515625
4 0.13203125 0.325 0.06328125 0.05703125
4 0.234375 0.34375 0.06640625 0.059375
10 0.753125 0.5421875 0.01796875 0.0296875
4 0.78359375 0.60546875 0.065625 0.053125
10 0.59375 0.60703125 0.01875 0.03125
10 0.18984375 0.61953125 0.01796875 0.0296875
10 0.3953125 0.63203125 0.01796875 0.02734375
4 0.62109375 0.659375 0.06875 0.04921875
4 0.21875 0.66328125 0.06640625 0.0453125
4 0.428125 0.671875 0.06796875 0.03984375