9 0.1984375 0.52734375 0.05625 0.08203125
9 0.7625 0.54609375 0.084375 0.09921875
9 0.2203125 0.59921875 0.059375 0.0859375
9 0.634375 0.60703125 0.06875 0.09453125
9 0.42421875 0.65078125 0.0609375 0.09296875
9 0.76484375 0.66015625 0.0921875 0.103125
9 0.89375 0.66015625 0.075 0.103125
9 0.43046875 0.74609375 0.0640625 0.08203125
9 0.265625 0.815625 0.0625 0.078125
9 0.42734375 0.834375 0.0671875 0.0859375
9 0.32421875 0.84453125 0.0609375 0.0671875
9 0.234375 0.878125 0.05625 0.05859375
9 0.53125 0.92109375 0.075 0.06953125
9 0.60546875 0.928125 0.0703125 0.09296875
9 0.42890625 0.9296875 0.0671875 0.08203125
9 0.7625 0.9421875 0.0875 0.09921875
9 0.6765625 0.95078125 0.065625 0.09453125