0 0.6765625 0.29453125 0.021875 0.03359375
0 0.24609375 0.3109375 0.0234375 0.03359375
4 0.44609375 0.321875 0.0734375 0.071875
4 0.27265625 0.375 0.0765625 0.071875
0 0.675 0.5140625 0.0234375 0.03359375
0 0.52578125 0.546875 0.0234375 0.028125
0 0.11015625 0.56640625 0.0265625 0.03359375
0 0.3265625 0.5765625 0.025 0.025
4 0.71328125 0.5765625 0.0984375 0.0640625
4 0.559375 0.5890625 0.090625 0.05
4 0.86328125 0.60859375 0.0890625 0.08359375
4 0.14921875 0.6125 0.0953125 0.05859375
4 0.3640625 0.6265625 0.1 0.06953125
0 0.39921875 0.25703125 0.0234375 0.03046875